Lane 5 direction vector: 357.87890360333853
Start of lane 5 coordinates: [[ 101 1329]]
End of lane 5 coordinates: [[1261 1302]]
Start of lane 5 coordinates: [ 101 1329]
End of lane 5 coordinates: [1261 1302]
Vehicles within 118 pixel of the lane end and speed < 1 m/s:
laneID:5 Duration of each carId:
        min   max  duration
carId                      
62        0   820       820
3036   6262  6592       330
3210   8255  8999       744
Lane 6 direction vector: 359.16968451374197
Start of lane 6 coordinates: [[ 100 1410]]
End of lane 6 coordinates: [[1263 1372]
 [1263 1382]
 [1263 1377]
 [1263 1373]]
Start of lane 6 coordinates: [ 100 1410]
End of lane 6 coordinates: [1263 1372]
Vehicles within 118 pixel of the lane end and speed < 1 m/s:
laneID:6 Duration of each carId:
        min   max  duration
carId                      
67        0   848       848
2453   3730  6530      2800
3214   8277  8999       722
Lane 7 direction vector: 358.53119928561415
Start of lane 7 coordinates: [[  95 1498]]
End of lane 7 coordinates: [[1267 1469]
 [1267 1470]
 [1267 1470]]
Start of lane 7 coordinates: [  95 1498]
End of lane 7 coordinates: [1267 1469]
Vehicles within 118 pixel of the lane end and speed < 1 m/s:
laneID:7 Duration of each carId:
        min   max  duration
carId                      
40        0   879       879
2552   3815  6470      2655
Combined red light durations for lanes 5, 6, and 7:
        min   max  duration
carId                      
62        0   820       820
3036   6262  6592       330
3210   8255  8999       744
67        0   848       848
2453   3730  6530      2800
3214   8277  8999       722
40        0   879       879
2552   3815  6470      2655
Combined red light durations for lanes [5, 6, 7]:
        min   max  duration
carId                      
40        0   879       879
62        0   820       820
67        0   848       848
2453   3730  6530      2800
2552   3815  6470      2655
3036   6262  6592       330
3210   8255  8999       744
3214   8277  8999       722
Combined red light durations for lanes [5, 6, 7]:
    min   max  duration
0     0   879       879
1  3730  6592      2862
2  8255  8999       744
